# source: STA4850 ID280  T_CCD = -110.0 degC
# wavelength_unit: nm
# action : transmission
# type : detector:quantum_efficiency
# description : Q2E chip quantum efficiency
wavelength transmission
  300   0.521
  310   0.553
  320   0.566
  330   0.608
  340   0.640
  350   0.684
  360   0.744
  370   0.813
  380   0.861
  390   0.900
  400   0.916
  410   0.926
  420   0.919
  430   0.915
  440   0.909
  450   0.903
  460   0.897
  470   0.902
  480   0.898
  490   0.899
  500   0.899
  510   0.899
  520   0.897
  530   0.896
  540   0.900
  550   0.902
  560   0.908
  570   0.914
  580   0.917
  590   0.926
  600   0.930
  610   0.936
  620   0.941
  630   0.947
  640   0.952
  650   0.958
  660   0.958
  670   0.966
  680   0.961
  690   0.974
  700   0.968
  710   0.975
  720   0.974
  730   0.971
  740   0.970
  750   0.969
  760   0.967
  770   0.965
  780   0.972
  790   0.966
  800   0.966
  810   0.964
  820   0.962
  830   0.960
  840   0.960
  850   0.957
  860   0.956
  870   0.953
  880   0.951
  890   0.946
  900   0.941
  910   0.935
  920   0.919
  930   0.901
  940   0.877
  950   0.844
  960   0.802
  970   0.733
  980   0.683
  990   0.604
 1000   0.518
 1010   0.423
 1020   0.323
 1030   0.231
 1040   0.146
 1050   0.105
 1060   0.079
 1070   0.062
 1080   0.045
 1090   0.034
 1100   0.025
